Filtered Data:
71.0625
71.0625
72.015625
71.3515625
70.921875
71.1328125
70.859375
69.875
69.875
70.5
70.4296875
70.484375
69.859375
69.09375
69.109375
69.4921875
69.4921875
69.203125
69.7109375
69.09375
68.578125
67.78125
67.5546875
67.6328125
67.9375
68.5234375
69.6171875
69.6640625
69.7578125
70.2421875
70.203125
69.671875
68.96875
69.6640625
70.0234375
70.453125
70.2890625
69.015625
68.953125
69.1640625
69.109375
68.1328125
68.046875
68.3046875
68.1953125
68.6015625
68.265625
68.4921875
68.21875
68.5390625
68.53125
69.296875
69.140625
68.21875
67.4375
66.4140625
66.8671875
67.1953125
67.828125
67.453125
66.4296875
66.2578125
67.6640625
68.7578125
68.8359375
68.90625
68.7421875
70.2734375
69.828125
68.8046875
68.7421875
68.6640625
68.765625
68.875
68.5234375
67.9375
67.7265625
67.1796875
67.1953125
66.859375
66.6640625
67.171875
67.7578125
67.421875
67.34375
67.625
67.3359375
66.2109375
65.4765625
65.59375
65.9765625
67.2578125
66.921875
67.1640625
67.9453125
68.390625
68.03125
67.8671875
68.2421875
68.7109375
68.3046875
67.8515625
67.3359375
67.40625
67.8671875
67.8984375
68.671875
68.7734375
68.2109375
67.0859375
67.015625
66.078125
66.4140625
67.59375
67.9453125
67.8515625
67.9921875
67.234375
66.2421875
65.953125
66.46875
66.375
66.078125
66.2109375
66.4375
66.515625
66.046875
66.8203125
67.3671875
68.03125
67.2265625
67.234375
67.84375
68.2734375
67.71875
68.2421875
68.640625
67.9375
67.3125
66.9375
67.171875
67.890625
67.359375
67.28125
67.28125
68.1015625
66.7265625
67.609375
67.4609375
68.6015625
69.4140625
69.7734375
69.5078125
68.8984375
68.46875
67.6015625
67.484375
67.015625
66.4453125
66.53125
67.359375
67.4375
67.6171875
67.28125
67.640625
68.2265625
69.3203125
69.109375
69.609375
69.84375
69.2578125
68.71875
68.0703125
66.8203125
67.28125
67.6640625
68.265625
68.671875
68.3671875
67.71875
68.65625
69.0625
69.1015625
68.9765625
68.90625
68.1875
67.5625
69.1015625
69.2734375
69.2578125
68.6484375
67.46875
67.6015625
67.484375
67.34375
65.8046875
65.71875
66.046875
66.9296875
66.9296875
66.1484375
66.5625
65.765625
65.6328125
65.40625
65.703125
65.109375
65.2109375
65.1953125
64.3359375
64.2578125
64.890625
65.140625
64.2890625
65.0390625
65.984375
65.9921875
66.4921875
66.203125
65.875
66.15625
66.28125
66.0078125
66.328125
66.328125
65.9765625
64.9609375
63.8828125
64.171875
64.578125
64.5234375
64.8125
64.796875
64.46875
65.125
65.75
66.171875
66.546875
66.40625
66.40625
65.78125
65.4921875
65.1640625
64.7578125
63.9609375
63.9609375
64.2890625
64.8515625
64.921875
65.3515625
64.8125
64.03125
63.7734375
63.3203125
62.8125
62.8125
63.2421875
63.6328125
63.8515625
63.40625
63.40625
62.828125
63.4375
63.65625
63.328125
63.0078125
62.8984375
62.3203125
62.234375
62.234375
62.5859375
62.0703125
62.578125
62.4609375
63.2734375
62.9140625
62.8125
62.125
61.6640625
61.375
61.0390625
61.6875
61.390625
61.5546875
61.46875
62.375
62.8828125
62.875
62.4453125
62.3359375
62.390625
62.734375
62.7734375
62.9609375
62.671875
63.921875
63.421875
63.7734375
63.734375
63.78125
63.671875
64.09375
64.09375
64.203125
63.15625
62.78125
63.2890625
62.828125
62.25
61.96875
61.9296875
62.796875
62.2421875
62.84375
63.578125
62.5078125
63.2265625
63.65625
63.328125
63.140625
62.390625
62.2265625
61.890625
62.4140625
62.515625
62.765625
62.359375
63.34375
63.34375
63.046875
63.5859375
64.328125
64.1796875
63.8828125
64.515625
64.6328125
64.5859375
64.3515625
63.859375
64.078125
63.0625
63.4765625
62.546875
63.15625
62.8203125
62.671875
62.8671875
63.65625
63.71875
63.6953125
62.6875
62.5390625
64.0
64.484375
64.2578125
64.8125
64.5234375
64.90625
64.65625
64.078125
63.4453125
64.2734375
63.0625
62.453125
61.796875
61.703125
61.265625
61.265625
61.484375
61.1875
61.0625
61.15625
61.328125
61.515625
61.8203125
61.046875
60.0390625
60.921875
60.875
60.5859375
61.0703125
61.34375
61.859375
61.1953125
60.3125
60.0
60.4765625
61.0078125
61.03125
61.171875
61.59375
61.8984375
62.125
62.9453125
63.0625
63.9375
64.359375
64.984375
64.75
65.5859375
66.2421875
66.0078125
65.4453125
65.328125
65.09375
65.21875
65.1953125
65.0234375
65.8203125
65.0078125
65.6484375
66.2109375
66.5390625
66.1875
66.2421875
66.7421875
66.6484375
65.625
66.0390625
65.6484375
65.25
64.4765625
64.2578125
63.1171875
64.0234375
64.078125
63.96875
63.984375
63.8828125
63.859375
63.5625
62.7578125
62.984375
62.8203125
62.9453125
63.078125
62.4140625
62.703125
63.40625
63.125
63.828125
63.0546875
62.25
61.6796875
60.7890625
60.3515625
60.40625
61.1484375
61.90625
61.765625
62.84375
62.515625
62.546875
62.9296875
62.7578125
62.6640625
63.4765625
63.078125
62.75
62.25
62.5234375
62.7421875
62.328125
62.3515625
62.7578125
62.921875
62.9375
62.5078125
63.1640625
62.7421875
63.3359375
62.25
63.3984375
63.625
63.859375
62.9453125
61.6640625
61.15625
61.09375
61.1640625
60.0703125
59.828125
61.0078125
61.09375
61.875
61.2265625
61.4921875
62.234375
62.4765625
61.671875
62.3046875
62.9921875
63.34375
63.6953125
64.3671875
65.0625
66.0546875
65.90625
66.140625
66.25
65.96875
66.2265625
65.5078125
65.6796875
65.5625
65.0234375
65.3203125
65.5546875
65.390625
65.5703125
65.484375
66.3125
66.75
66.84375
66.1796875
66.078125
65.4453125
65.6171875
64.5078125
63.9296875
63.3046875
62.9609375
63.4609375
62.8828125
62.1796875
61.40625
62.5546875
62.1328125
61.359375
61.5078125
61.8984375
62.46875
62.625
62.28125
62.0859375
62.5
61.703125
62.6953125
61.640625
61.078125
60.6015625
60.265625
60.4921875
59.90625
59.6953125
60.046875
59.2890625
58.765625
59.125
59.8671875
59.8046875
60.5234375
60.2578125
60.4921875
60.53125
60.1171875
60.9453125
60.9140625
61.4296875
61.6328125
62.5859375
62.9609375
63.0390625
63.3359375
63.25
63.140625
62.6953125
62.28125
61.578125
62.140625
62.25
62.859375
63.828125
63.6875
63.3046875
62.03125
61.6875
61.8828125
60.984375
60.7890625
60.875
59.9140625
59.1875
59.3046875
59.15625
60.0546875
60.640625
61.140625
61.1953125
61.0234375
61.0234375
61.5390625
61.1328125
60.8359375
60.890625
61.296875
61.3984375
61.5625
61.65625
61.1640625
60.75
60.453125
61.0078125
60.6015625
61.7890625
62.984375
64.25
64.4765625
65.3046875
65.4765625
64.8359375
64.1953125
64.5234375
64.625
64.953125
64.2109375
64.0546875
64.03125
63.3515625
62.875
63.1953125
62.7578125
61.9296875
61.234375
60.4765625
60.0546875
60.3046875
60.421875
60.875
60.71875
61.1953125
60.859375
61.7109375
60.84375
60.96875
61.1640625
61.4453125
61.3828125
61.5546875
60.7734375
61.5546875
60.875
60.6953125
60.765625
61.4375
61.53125
61.4453125
61.3125
61.765625
61.6015625
61.234375
61.65625
62.5859375
62.1484375
61.0234375
60.7109375
60.4765625
60.796875
60.1953125
59.03125
59.109375
59.2421875
59.796875
59.3828125
60.4609375
59.8203125
60.21875
60.34375
61.0078125
60.5078125
61.203125
61.046875
62.015625
61.7734375
62.8046875
63.265625
63.109375
63.5703125
64.4140625
64.1953125
63.5546875
62.59375
63.109375
63.625
63.3046875
63.9765625
63.65625
64.6875
63.921875
63.515625
63.421875
63.2578125
63.2578125
63.4921875
63.7734375
64.3125
64.78125
65.125
65.0
65.1171875
64.1484375
64.9140625
65.21875
65.5703125
65.78125
65.9765625
65.875
67.359375
67.375
67.6953125
68.0625
68.390625
69.265625
68.3671875
68.5
68.2890625
68.21875
68.296875
68.234375
67.8046875
67.859375
67.875
68.6015625
68.1875
67.59375
67.421875
67.3203125
67.3203125
67.75
68.21875
67.7734375
67.6328125
66.4453125
65.6484375
64.6953125
64.015625
63.4375
63.53125
63.1640625
63.828125
63.203125
64.15625
64.1640625
64.6875
64.6015625
65.0
65.328125
64.96875
64.4296875
64.875
65.015625
65.015625
65.7421875
65.71875
65.3515625
65.4453125
64.9921875
64.8984375
64.5546875
65.015625
64.296875
64.2578125
64.3828125
64.9140625
64.3125
64.0
63.609375
64.1484375
63.9375
64.1875
64.1875
63.7890625
63.234375
62.78125
62.8671875
63.0234375
63.2109375
62.875
62.7109375
63.234375
62.6015625
63.1015625
63.109375
63.234375
64.0859375
63.609375
64.171875
64.3515625
64.2109375
64.2578125
63.5703125
64.2109375
64.15625
64.203125
64.3203125
64.3984375
64.2890625
64.9453125
63.7578125
63.7734375
62.7109375
63.0625
62.46875
61.921875
62.203125
62.6328125
61.265625
61.71875
62.09375
62.6484375
62.1796875
61.9375
61.4296875
61.1171875
61.484375
60.3515625
59.9375
60.2109375
60.171875
60.421875
61.0078125
61.4375
61.2890625
61.0
61.3203125
61.4765625
61.4765625
60.7421875
60.7421875
60.8359375
60.6640625
61.21875
60.59375
60.015625
59.7734375
58.765625
59.1875
58.8671875
58.671875
57.40625
55.8671875
55.8671875
55.515625
55.1796875
55.25
56.390625
56.71875
57.1953125
57.8046875
58.3671875
59.1796875
59.90625
60.6484375
61.4921875
60.7421875
60.7578125
59.921875
59.7265625
59.2890625
59.5078125
59.5078125
59.109375
58.9453125
59.359375
59.5
59.46875
59.53125
59.015625
58.984375
57.96875
58.0
58.890625
59.5546875
59.15625
58.6328125
58.4375
59.4296875
59.25
59.3828125
59.3828125
59.2109375
59.5703125
59.84375
59.140625
59.609375
59.6875
59.96875
59.0703125
58.9375
59.046875
59.734375
58.984375
59.28125
60.1796875
60.1640625
60.3046875
60.0859375
60.0546875
60.0546875
59.953125
60.2890625
60.5078125
61.4921875
61.0
61.28125
61.9140625
61.640625
60.8046875
60.546875
60.890625
60.5234375
60.6328125
60.8515625
61.078125
61.328125
61.1484375
62.0390625
62.9453125
63.96875
64.5546875
63.53125
63.921875
64.203125
64.3671875
64.3046875
63.7578125
63.8828125
64.765625
65.4296875
66.0078125
65.4609375
66.0625
65.859375
64.7265625
65.0
64.34375
64.2578125
65.046875
65.484375
65.40625
65.8359375
65.3515625
64.625
65.1875
65.375
65.3359375
64.890625
64.890625
65.53125
65.2578125
65.578125
66.328125
66.453125
65.40625
65.7890625
66.5234375
67.4140625
67.4921875
67.9765625
67.3828125
67.40625
67.796875
67.9453125
69.046875
68.375
68.421875
68.7265625
69.8046875
70.0546875
70.109375
69.53125
69.46875
68.8046875
68.03125
67.78125
67.9765625
68.46875
68.875
67.9765625
66.9609375
67.671875
67.3828125
67.4765625
67.6953125
67.84375
67.484375
67.6953125
68.1796875
68.2734375
68.5
69.0
68.75
68.0
68.1953125
67.765625
67.9609375
68.5546875
68.9375
68.4140625
67.4921875
67.828125
68.4765625
69.0625
70.3671875
69.3984375
68.953125
69.4296875
69.625
69.1796875
69.265625
69.0390625
69.4375
68.96875
68.6953125
69.0078125
69.3125
70.25
70.625
70.03125
69.8203125
70.0546875
69.5546875
69.8359375
69.7734375
68.890625
68.625
68.7265625
68.796875
69.0625
69.1484375
69.0234375
69.0234375
69.4453125
69.46875
69.9765625
70.546875
70.6953125
69.921875
69.7265625
70.671875
70.0234375
70.140625
69.3984375
70.3125
70.265625
69.4140625
68.4453125
67.21875
68.2109375
67.796875
67.7421875
67.2109375
66.8046875
66.5546875
66.640625
65.8671875
65.8828125
64.96875
65.984375
66.3046875
66.7890625
67.4375
67.375
67.7109375
67.5625
66.8671875
66.5
66.765625
66.3984375
67.09375
67.796875
67.953125
68.8515625
68.3046875
68.0546875
68.421875
67.546875
66.8515625
66.9296875
66.6875
65.8359375
66.6796875
66.5546875
66.21875
65.5390625
64.9453125
64.890625
65.140625
65.7578125
65.3671875
65.2734375
64.1875
64.21875
64.171875
63.7109375
62.9140625
62.6640625
63.15625
64.34375
65.3125
66.265625
66.7109375
66.9375
67.0390625
66.7578125
66.3046875
65.609375
65.765625
64.6484375
63.7109375
64.2265625
64.5546875
64.078125
64.3515625
64.484375
63.4375
63.34375
63.8046875
63.171875
63.0078125
63.3359375
62.9921875
63.90625
63.9296875
63.8671875
64.5
64.3984375
64.2890625
63.4609375
63.9609375
64.1796875
62.875
62.8203125
63.75
63.6484375
64.4453125
64.2421875
63.921875
64.2578125
64.1015625
64.421875
65.046875
65.0625
64.7578125
64.7265625
65.6015625
64.859375
65.5546875
65.0234375
65.078125
65.6796875
65.09375
65.390625
66.234375
67.4140625
67.71875
67.046875
66.6953125
65.796875
66.8359375
66.1640625
65.390625
65.2578125
64.2734375
64.6015625
65.546875
65.8125
65.5390625
65.53125
65.421875
65.28125
65.015625
64.515625
64.5859375
65.4453125
65.515625
65.125
64.75
64.7578125
64.9609375
64.6796875
65.0
65.640625
65.8203125
65.984375
66.2734375
65.984375
65.359375
65.1875
64.0390625
64.3671875
63.9765625
64.4140625
64.6328125
64.4921875
64.9375
64.875
64.5078125
63.828125
63.25
62.875
63.421875
63.9375
63.078125
63.21875
63.6875
63.421875
63.546875
64.4140625
63.4375
63.3671875
62.96875
63.3984375
64.0703125
64.140625
64.2734375
64.0078125
65.4609375
66.09375
66.1875
66.15625
67.578125
68.5078125
68.734375
69.109375
69.375
68.1875
67.78125
67.5625
67.6484375
68.4140625
67.28125
66.546875
66.296875
66.1796875
66.296875
66.78125
67.2734375
66.765625
66.6484375
67.40625
66.765625
66.734375
67.6328125
67.6328125
68.0078125
68.8828125
69.453125
69.171875
69.65625
68.7890625
68.421875
67.8125
67.4140625
67.6640625
67.5859375
67.734375
66.6484375
65.84375
66.5859375
67.3984375
66.703125
66.765625
66.1484375
66.3046875
66.203125
66.0859375
66.59375
66.28125
66.3125
66.1875
67.0703125
66.4765625
65.21875
65.3125
64.7421875
65.0078125
64.421875
64.2890625
65.0390625
65.1015625
64.6484375
64.2734375
64.8515625
65.265625
65.3671875
65.3203125
65.5234375
65.609375
66.8671875
67.421875
67.25
67.875
66.9453125
66.703125
66.453125
66.421875
66.390625
67.1796875
67.0625
66.9140625
66.375
65.4609375
65.390625
64.84375
64.8828125
65.390625
65.1875
65.3125
66.4140625
65.265625
65.6015625
65.640625
66.03125
65.4609375
66.1171875
65.5234375
66.3984375
66.3828125
67.171875
68.1953125
68.171875
68.171875
68.046875
68.4375
68.4296875
68.8828125
69.6796875
69.9609375
69.3125
68.9765625
68.71875
68.3984375
68.875
68.8359375
69.25
68.8515625
69.78125
69.8203125
70.1953125
69.953125
69.0234375
68.9921875
68.6953125
68.8984375
67.734375
67.7734375
67.5546875
68.328125
67.53125
66.5859375
66.484375
66.40625
65.59375
65.6796875
64.9765625
65.1953125
65.015625
64.3046875
64.84375
65.578125
66.3515625
67.53125
67.421875
66.4609375
66.265625
67.0546875
67.265625
67.203125
67.6015625
67.09375
66.59375
67.03125
65.96875
65.6484375
65.3984375
65.8046875
65.109375
65.0625
65.765625
66.90625
66.9609375
67.03125
67.875
67.8515625
68.1171875
68.1640625
67.6328125
67.5390625
67.375
67.7890625
68.234375
67.984375
68.4921875
68.6328125
67.7421875
67.734375
67.296875
66.8046875
66.125
66.390625
66.734375
66.9921875
68.078125
68.0078125
68.1015625
67.8515625
66.9140625
67.3984375
67.6953125
67.2109375
66.2578125
66.5078125
67.640625
67.8046875
67.125
66.5859375
65.6328125
65.6953125
66.171875
65.1015625
65.4140625
65.9296875
65.1640625
65.8125
65.1484375
64.96875
65.140625
65.0234375
65.546875
65.546875
65.5859375
65.8046875
66.6953125
65.265625
66.015625
66.2265625
65.625
65.921875
65.03125
65.15625
64.6015625
64.84375
64.6015625
64.6015625
64.3125
64.671875
64.359375
64.0625
63.6796875
63.4375
62.8046875
63.3359375
62.7734375
63.28125
63.375
62.65625
63.0703125
63.390625
63.421875
64.453125
64.1796875
63.7890625
62.984375
62.65625
61.8359375
62.609375
62.6953125
63.0234375
62.7578125
62.0078125
62.1796875
62.125
62.265625
62.640625
63.296875
63.8125
64.03125
64.1640625
63.6875
63.65625
63.796875
64.6015625
65.1953125
64.96875
64.625
64.8828125
64.5625
64.546875
63.4921875
62.359375
62.796875
63.9765625
63.6796875
63.359375
63.8046875
64.4609375
64.5078125
65.671875
66.046875
66.0859375
67.4609375
66.953125
67.0703125
67.2265625
66.921875
67.2109375
66.8359375
66.1875
65.5703125
65.390625
65.0859375
65.125
65.6171875
65.7109375
65.5
65.4140625
66.4921875
65.3671875
64.546875
65.453125
65.0
65.8046875
66.75
66.96875
67.1640625
67.6796875
68.15625
68.484375
68.375
69.625
69.7265625
70.0078125
70.1328125
69.4453125
69.5078125
69.8828125
69.6484375
69.40625
69.8359375
69.421875
68.6171875
68.546875
68.625
68.3671875
68.65625
68.234375
68.046875
68.4375
68.3515625
67.890625
67.9140625
67.9375
68.625
68.5
68.515625
68.734375
68.5234375
69.0078125
69.53125
69.40625
69.578125
69.9453125
69.921875
70.6953125
70.640625
71.1171875
71.5546875
71.234375
70.984375
71.1640625
71.078125
71.8125
71.65625
71.1484375
71.515625
70.2734375
69.9453125
71.015625
71.078125
70.15625
70.40625
70.0078125
68.875
69.390625
69.53125
69.3671875
69.3359375
69.03125
68.8125
69.609375
69.2578125
69.0546875
68.9453125
68.09375
68.7578125
68.03125
68.0
68.8671875
69.2265625
69.4375
69.2265625
68.28125
68.6953125
67.40625
66.5625
66.8515625
67.09375
66.828125
67.6796875
68.125
68.4375
68.90625
69.3203125
69.109375
68.828125
68.3046875
69.265625
69.6171875
69.0234375
68.125
68.7578125
69.0625
68.28125
66.9296875
66.875
65.84375
66.65625
66.1875
65.3828125
66.75
66.875
67.296875
68.0078125
68.6796875
68.546875
67.7734375
68.4375
68.2890625
68.3203125
69.6328125
69.125
69.140625
70.2265625
69.4921875
68.8515625
69.234375
70.2109375
69.2421875
69.2578125
68.4765625
68.078125
68.1015625
68.6796875
69.1796875
68.6171875
67.7109375
67.234375
65.921875
64.5546875
64.9375
65.515625
65.96875
66.4765625
65.484375
65.2890625
65.8203125
65.390625
65.53125
65.2421875
65.328125
65.8359375
67.53125
67.7421875
67.8984375
68.2734375
67.8125
67.71875
68.4375
68.4140625
67.5390625
66.8515625
66.59375
66.4921875
67.015625
67.203125
66.7890625
67.6875
67.5390625
66.953125
67.5546875
66.9609375
66.2109375
65.546875
64.859375
64.7734375
64.4140625
64.875
64.8203125
64.5234375
64.7109375
64.625
64.3828125
63.375
64.015625
64.546875
64.15625
64.2109375
64.390625
64.140625
64.234375
64.234375
64.1875
64.1640625
64.7578125
64.7578125
64.53125
64.078125
63.53125
64.09375
64.6796875
64.6796875
64.890625
64.6171875
64.7421875
65.171875
64.984375
64.328125
64.1484375
64.796875
65.2578125
63.8203125
63.8203125
64.0234375
63.6015625
64.140625
65.203125
64.4375
63.9609375
63.3515625
62.7109375
62.21875
62.0
62.4296875
62.09375
61.4921875
61.09375
61.2890625
61.609375
61.0859375
61.84375
61.984375
61.984375
61.921875
62.078125
61.0546875
61.6328125
61.875
60.515625
61.0
60.71875
60.6640625
60.703125
61.0390625
61.828125
61.1328125
61.2734375
60.96875
60.2734375
60.15625
60.0703125
59.390625
59.8203125
60.015625
59.6328125
58.9375
58.734375
59.9453125
59.28125
59.4375
59.5546875
59.921875
58.859375
59.5546875
59.8125
60.3984375
60.109375
60.2578125
59.8984375
59.7890625
59.7578125
59.1875
59.5078125
59.71875
59.53125
60.1875
59.75
60.21875
61.1875
60.1875
58.9296875
58.28125
57.6484375
57.28125
57.7734375
57.765625
56.96875
57.6953125
58.3046875
58.3046875
58.0390625
58.3984375
57.5234375
57.2109375
58.2265625
58.046875
58.9609375
59.1015625
58.1484375
58.4296875
58.2578125
59.0
59.484375
59.75
59.421875
58.9609375
59.09375
59.3046875
59.015625
58.9453125
59.5
60.0390625
60.375
60.59375
60.0078125
60.2109375
60.6484375
61.578125
62.09375
62.46875
62.296875
62.5
61.8515625
61.8671875
61.625
61.625
61.28125
61.2734375
60.734375
60.8984375
60.9375
60.5234375
60.3984375
60.734375
60.4921875
61.0546875
60.6796875
60.734375
61.203125
61.4140625
61.9453125
62.1640625
62.5234375
62.671875
61.7890625
61.765625
61.375
61.359375
60.8046875
61.296875
61.0
60.8046875
61.875
62.65625
62.875
62.546875
62.3046875
63.3515625
61.8203125
61.71875
62.78125
62.8671875
63.0
63.2109375
63.2578125
63.25
64.265625
63.1171875
62.6875
62.03125
61.484375
60.953125
60.5234375
60.484375
60.34375
59.7734375
59.0234375
59.296875
60.3515625
60.609375
60.1796875
59.4609375
60.0234375
61.2421875
61.2421875
60.3046875
60.7890625
60.0859375
59.9609375
58.6640625
59.0546875
58.8046875
59.1796875
58.6015625
58.6015625
58.7109375
58.3359375
57.6484375
58.0078125
59.0234375
59.0625
58.75
58.6328125
58.0390625
58.671875
58.640625
57.9375
58.5625
59.1953125
59.0390625
59.140625
59.6640625
59.171875
59.296875
60.3515625
60.078125
59.21875
59.40625
60.015625
59.96875
60.484375
61.15625
61.3828125
60.2421875
59.96875
59.671875
60.453125
61.3125
62.1484375
62.0234375
62.7890625
63.5859375
63.671875
64.2578125
64.3359375
64.8125
64.6015625
65.25
64.5625
64.5859375
64.2421875
63.359375
64.2578125
64.578125
63.9609375
63.6796875
62.484375
62.5234375
62.6015625
62.046875
62.78125
62.765625
62.9765625
64.2421875
64.6328125
64.5
64.9453125
64.78125
65.34375
65.3046875
65.765625
65.078125
65.234375
64.3984375
64.9765625
64.5859375
64.796875
64.734375
64.8671875
64.75
64.703125
63.7734375
64.1640625
63.9609375
65.1328125
65.5703125
65.5703125
65.6484375
66.328125
66.3203125
66.0859375
65.53125
66.0625
66.703125
66.3203125
65.1640625
65.328125
65.2578125
64.2734375
64.0703125
64.8828125
64.796875
64.78125
63.984375
63.671875
64.3125
63.984375
64.0234375
63.703125
63.703125
63.390625
63.625
63.625
63.625
63.6875
63.4375
63.234375
63.1796875
63.640625
63.96875
64.09375
63.390625
64.0625
64.921875
65.1328125
65.65625
65.78125
65.71875
65.8671875
66.4140625
66.5078125
67.2109375
67.2109375
67.6484375
68.3515625
69.2265625
68.5546875
68.109375
68.25
68.6640625
68.578125
69.265625
68.6328125
68.21875
68.578125
67.8203125
67.84375
68.328125
68.6015625
68.2421875
68.2421875
68.4453125
67.5078125
67.0546875
67.7265625
67.7265625
67.7109375
67.4609375
68.3359375
67.7890625
67.2421875
67.5859375
67.6484375
67.4609375
67.4296875
67.2109375
66.65625
66.59375
66.203125
65.2734375
65.4921875
65.4453125
64.875
63.9296875
64.34375
64.3515625
64.4140625
63.78125
63.203125
63.796875
62.703125
62.9921875
63.359375
63.6953125
64.2109375
64.3828125
64.453125
64.2734375
63.2578125
63.4296875
62.7890625
61.640625
61.6015625
61.0546875
61.1640625
61.203125
60.28125
60.109375
60.203125
60.3671875
60.3125
60.59375
60.7890625
60.65625
59.9453125
59.796875
59.1328125
59.1640625
59.7109375
59.7890625
59.21875
59.71875
58.8203125
58.2734375
58.4140625
57.6796875
57.1953125
57.15625
57.1796875
56.59375
55.9140625
56.09375
57.0859375
57.59375
57.6171875
57.515625
58.2265625
59.15625
58.015625
57.796875
57.1796875
57.6796875
57.4296875
56.796875
57.1796875
57.5078125
57.9765625
58.59375
59.515625
59.1171875
59.1171875
59.296875
59.28125
59.859375
59.2734375
59.6640625
60.296875
60.8125
60.3515625
59.8203125
59.25
58.3359375
58.8359375
59.4765625
59.4453125
59.5234375
60.1875
59.078125
58.3515625
57.78125
57.78125
57.3828125
57.015625
56.140625
56.9765625
56.40625
56.1640625
56.796875
56.4765625
55.7265625
56.2578125
56.6171875
56.65625
57.609375
57.28125
57.4765625
57.4375
56.9765625
57.3671875
57.0546875
57.15625
57.8046875
57.90625
58.953125
58.8125
58.65625
57.78125
57.578125
56.8125
56.328125
56.453125
56.8671875
57.359375
56.984375
57.484375
57.796875
57.8359375
57.78125
57.4765625
57.28125
56.9765625
56.90625
56.0703125
55.796875
56.15625
56.4140625
57.71875
57.328125
58.421875
58.3515625
57.984375
57.546875
57.03125
56.8515625
56.4921875
56.7578125
57.3203125
57.734375
57.90625
59.421875
59.484375
59.296875
58.6953125
58.875
58.8359375
58.7421875
59.1171875
59.7109375
59.34375
59.0625
58.9609375
58.8671875
58.28125
59.140625
59.7109375
59.5859375
59.7578125
60.65625
61.9765625
61.4765625
60.9765625
60.75
60.8359375
60.7421875
61.5625
61.375
60.9609375
61.390625
61.734375
62.0390625
62.0390625
61.9765625
61.6875
61.8984375
61.109375
60.65625
60.796875
61.3671875
61.5390625
61.46875
61.6015625
62.140625
62.203125
61.8359375
61.7578125
62.1953125
62.0234375
62.5234375
62.5234375
63.125
62.875
62.078125
61.7421875
60.921875
60.8984375
60.78125
60.5546875
61.09375
62.28125
63.3359375
63.1796875
62.4921875
62.5546875
62.5703125
61.2890625
62.09375
63.3671875
63.5390625
64.0078125
64.6328125
64.3515625
65.078125
64.0
64.28125
64.0546875
62.9765625
62.9921875
62.9921875
63.4609375
63.265625
63.0546875
62.890625
62.3359375
61.65625
61.3984375
62.171875
61.78125
62.53125
63.3046875
63.421875
62.7890625
62.421875
62.0390625
62.125
61.4453125
62.7421875
62.7421875
62.8046875
61.9765625
61.5625
61.1171875
61.078125
60.2890625
60.40625
59.7109375
59.9765625
59.9765625
60.90625
61.0703125
61.0703125
61.4765625
61.546875
61.125
61.5546875
60.4296875
60.6640625
59.5703125
58.7734375
60.3984375
61.1875
61.7109375
61.5234375
61.21875
62.5625
62.0625
62.0234375
62.6953125
61.8984375
61.84375
61.84375
61.84375
62.6796875
63.15625
63.21875
63.6953125
62.859375
63.6171875
64.453125
64.3203125
64.765625
66.21875
66.0390625
65.9921875
65.8671875
65.9375
65.546875
64.7265625
65.546875
66.2734375
66.2734375
67.609375
68.1328125
67.71875
67.71875
67.84375
67.9453125
67.703125
67.734375
66.8203125
66.375
66.515625
66.4296875
67.2578125
67.1015625
68.078125
67.1875
67.25
67.6640625
67.5546875
66.875
67.375
67.90625
67.3828125
66.328125
65.9609375
66.15625
66.9375
66.640625
66.6796875
67.3515625
68.1875
68.0078125
67.140625
66.8515625
66.8515625
66.953125
66.1484375
66.6171875
65.9921875
66.078125
66.375
66.7734375
66.7734375
66.7265625
65.9140625
66.5078125
66.59375
65.953125
66.5703125
65.84375
66.5390625
66.2578125
66.4140625
66.671875
67.3125
67.3125
66.9609375
67.3203125
67.3203125
66.515625
66.953125
67.7109375
68.046875
67.9921875
67.9921875
67.3671875
67.3984375
67.0859375
67.5546875
66.75
67.7890625
68.0390625
69.421875
68.015625
69.4453125
69.921875
70.0859375
70.328125
70.328125
70.328125
70.5078125
69.6953125
69.40625
68.59375
69.3671875
68.28125
69.0859375
69.78125
70.5390625
70.390625
70.578125
70.921875
71.28125
71.609375
72.1796875
72.59375
71.328125
70.4140625
70.078125
70.5
71.2890625
69.6796875
70.359375
70.890625
70.171875
70.046875
70.40625
70.40625
71.203125
71.5390625
71.1171875
70.921875
69.515625
69.921875
69.078125
68.828125
68.421875
67.984375
67.1171875
66.5234375
66.40625
66.3203125
65.21875
64.6875
65.578125
65.5546875
64.5859375
65.3046875
64.453125
63.890625
64.3203125
65.0625
64.4921875
64.8046875
65.2734375
64.3046875
64.6484375
65.0078125
65.4921875
65.75
65.6875
65.8125
65.75
65.7890625
66.1328125
66.4453125
66.59375
67.5625
66.8046875
67.046875
67.046875
67.046875
66.796875
66.4609375
66.3203125
66.6484375
67.0234375
66.515625
66.21875
67.6484375
67.4453125
68.390625
69.25
69.453125
69.03125
67.890625
67.9296875
68.390625
68.1875
67.6953125
68.4140625
68.2734375
68.5703125
68.3125
67.7578125
68.109375
68.0
68.6484375
67.953125
68.609375
